USA-road-COL 435666 1042400
ED
0 1042400
2000 1042400
4000 1042400
6000 1042400
8000 1042400
10000 1042400
12000 1042400
14000 1042400
16000 1042400
18000 1042400
20000 1042400
22000 1042400
24000 1042400
26000 1042400
28000 1042400
30000 1042400
32000 1042400
34000 1042400
36000 1042400
38000 1042400
40000 1042400
42000 1042400
44000 1042400
46000 1042400
48000 1042400
50000 1042400
52000 1042400
54000 1042400
56000 1042400
58000 1042400
60000 1042400
62000 1042400
64000 1042400
66000 1042400
68000 1042400
70000 1042400
72000 1042400
74000 1042400
76000 1042400
78000 1042400
80000 1042400
82000 1042400
84000 1042400
86000 1042400
88000 1042400
90000 1042400
92000 1042400
94000 1042400
96000 1042400
98000 1042400
100000 1042400
102000 1042400
104000 1042400
106000 1042400
108000 1042400
110000 1042400
112000 1042400
114000 1042400
116000 1042400
118000 1042400
120000 1042400
122000 1042400
124000 1042400
126000 1042400
128000 1042400
130000 1042400
132000 1042400
134000 1045188
136000 1048374
138000 1051806
140000 1055026
142000 1058222
144000 1061554
146000 1064940
148000 1068162
150000 1071254
152000 1074320
154000 1077748
156000 1081182
158000 1084584
160000 1087978
162000 1091186
164000 1094324
166000 1097588
168000 1100664
170000 1104102
172000 1107604
174000 1111086
176000 1114708
178000 1118236
180000 1121508
182000 1124726
184000 1128104
186000 1131180
188000 1134184
190000 1137356
192000 1140600
194000 1144050
196000 1147706
198000 1150958
200000 1154118
202000 1157240
204000 1160200
206000 1163252
208000 1166810
210000 1170022
212000 1173150
214000 1176018
216000 1179152
218000 1182238
220000 1185254
222000 1188314
224000 1191486
226000 1194664
228000 1197964
230000 1201206
232000 1204486
234000 1207750
236000 1210924
238000 1214194
240000 1217994
242000 1221132
244000 1224576
246000 1227726
248000 1231154
250000 1234572
252000 1237992
254000 1241400
256000 1244536
258000 1247424
260000 1250838
262000 1254250
264000 1257938
266000 1261594
268000 1264966
270000 1268206
272000 1271312
274000 1274446
276000 1277922
278000 1281266
280000 1284456
282000 1287816
284000 1291096
286000 1294632
288000 1298026
290000 1301384
292000 1304716
294000 1307922
296000 1311172
298000 1314268
300000 1317720
302000 1321088
304000 1324264
306000 1327636
308000 1331082
310000 1334560
312000 1337830
314000 1341086
316000 1344298
318000 1347496
320000 1350628
322000 1353628
324000 1357070
326000 1360768
328000 1364406
330000 1367956
332000 1371594
334000 1375068
336000 1378562
338000 1384174
340000 1391166
342000 1398488
344000 1405641
346000 1412297
348000 1418718
350000 1425627
352000 1432755
354000 1440437
356000 1447501
358000 1453890
360000 1460847
362000 1467726
364000 1473275
366000 1478825
368000 1486377
370000 1493334
372000 1499558
374000 1506186
376000 1512803
378000 1519200
380000 1525208
382000 1531608
384000 1538079
386000 1544831
388000 1551276
390000 1557235
392000 1564441
394000 1572014
396000 1581664
398000 1591047
400000 1603057
402000 1613541
404000 1622252
406000 1631220
408000 1640293
410000 1649374
412000 1657782
414000 1667247
416000 1678529
418000 1690385
420000 1700619
422000 1710474
424000 1722796
426000 1735090
428000 1747180
430000 1761164
432000 1776903
434000 1794595
435617 1809557
435618 1809563
435619 1809563
435620 1809573
435621 1809589
435622 1809589
435623 1809595
435624 1809595
435625 1809595
435626 1809605
435627 1809605
435628 1809607
435629 1809629
435630 1809635
435631 1809635
435632 1809637
435633 1809637
435634 1809637
435635 1809645
435636 1809645
435637 1809657
435638 1809657
435639 1809657
435640 1809657
435641 1809657
435642 1809657
435643 1809657
435644 1809657
435645 1809661
435646 1809661
435647 1809661
435648 1809663
435649 1809663
435650 1809667
435651 1809667
435652 1809667
435653 1809667
435654 1809667
435655 1809667
435656 1809667
435657 1809667
435658 1809667
435659 1809667
435660 1809667
435661 1809667
435662 1809667
435663 1809667
435664 1809667
435665 1809667
435666 1809667
