USA-road-COL 435666 1042400
N
0 1042400
2000 1050427
4000 1059246
6000 1067599
8000 1073307
10000 1081301
12000 1090716
14000 1099338
16000 1106850
18000 1111845
20000 1117929
22000 1125543
24000 1134102
26000 1142641
28000 1149958
30000 1154677
32000 1161629
34000 1168281
36000 1176539
38000 1185035
40000 1192858
42000 1199223
44000 1206000
46000 1218359
48000 1230169
50000 1238745
52000 1245857
54000 1253035
56000 1258429
58000 1264922
60000 1270725
62000 1277869
64000 1285963
66000 1294282
68000 1304190
70000 1312732
72000 1319218
74000 1323458
76000 1331193
78000 1337213
80000 1343542
82000 1348967
84000 1355536
86000 1362053
88000 1368107
90000 1374404
92000 1381288
94000 1388702
96000 1396943
98000 1405747
100000 1414386
102000 1420628
104000 1425427
106000 1433641
108000 1441368
110000 1448113
112000 1452782
114000 1460259
116000 1468241
118000 1476292
120000 1482985
122000 1487295
124000 1492670
126000 1499348
128000 1507991
130000 1515382
132000 1522375
134000 1530538
136000 1535594
138000 1542574
140000 1549732
142000 1556139
144000 1563303
146000 1568774
148000 1576782
150000 1584673
152000 1591056
154000 1598191
156000 1603527
158000 1611109
160000 1618596
162000 1626248
164000 1636395
166000 1643493
168000 1649415
170000 1656629
172000 1663133
174000 1669292
176000 1676119
178000 1683435
180000 1689702
182000 1695670
184000 1703350
186000 1711683
188000 1720302
190000 1728269
192000 1733575
194000 1741518
196000 1747186
198000 1752153
200000 1755061
202000 1759573
204000 1763133
206000 1768296
208000 1773049
210000 1780068
212000 1783086
214000 1787041
216000 1791774
218000 1794670
220000 1797437
222000 1801209
224000 1804718
226000 1810142
228000 1813041
230000 1816705
232000 1821160
234000 1823415
236000 1828568
238000 1832412
240000 1836841
242000 1840845
244000 1845505
246000 1849315
248000 1854126
250000 1858258
252000 1861879
254000 1865363
256000 1870634
258000 1875516
260000 1883239
262000 1890793
264000 1897763
266000 1905122
268000 1915057
270000 1920579
272000 1929027
274000 1934660
276000 1940108
278000 1948105
280000 1954317
282000 1961018
284000 1966413
286000 1972341
288000 1978716
290000 1985157
292000 1992846
294000 1998390
296000 2004635
298000 2012106
300000 2022533
302000 2029934
304000 2038552
306000 2047028
308000 2055480
310000 2061124
312000 2069180
314000 2076393
316000 2083225
318000 2089964
320000 2097181
322000 2104312
324000 2112058
326000 2121637
328000 2130327
330000 2142049
332000 2149846
334000 2156991
336000 2165218
338000 2173204
340000 2180861
342000 2188554
344000 2196759
346000 2205070
348000 2214651
350000 2225196
352000 2234530
354000 2241229
356000 2249908
358000 2257658
360000 2266631
362000 2274826
364000 2285555
366000 2297014
368000 2305514
370000 2314782
372000 2323416
374000 2331914
376000 2342611
378000 2354167
380000 2363353
382000 2372379
384000 2381937
386000 2393769
388000 2404908
390000 2414857
392000 2425467
394000 2438254
396000 2448862
398000 2459567
400000 2473309
402000 2484176
404000 2496482
406000 2508484
408000 2521453
410000 2534904
412000 2549582
414000 2563194
416000 2578436
418000 2593300
420000 2609023
422000 2626722
424000 2642212
426000 2660725
428000 2678841
430000 2698929
432000 2719757
434000 2743633
435617 2764395
435618 2764395
435619 2764395
435620 2764395
435621 2764397
435622 2764397
435623 2764397
435624 2764397
435625 2764397
435626 2764397
435627 2764401
435628 2764401
435629 2764437
435630 2764437
435631 2764441
435632 2764441
435633 2764443
435634 2764443
435635 2764467
435636 2764467
435637 2764467
435638 2764467
435639 2764467
435640 2764467
435641 2764479
435642 2764479
435643 2764479
435644 2764479
435645 2764497
435646 2764497
435647 2764499
435648 2764499
435649 2764499
435650 2764499
435651 2764499
435652 2764499
435653 2764499
435654 2764499
435655 2764499
435656 2764501
435657 2764513
435658 2764513
435659 2764513
435660 2764513
435661 2764513
435662 2764513
435663 2764513
435664 2764513
435665 2764513
435666 2764513
