USA-road-COL 435666 1042400
EDN
0 1042400
2000 1042400
4000 1042400
6000 1042400
8000 1042400
10000 1042400
12000 1042400
14000 1042400
16000 1042400
18000 1042400
20000 1042400
22000 1042400
24000 1042400
26000 1042400
28000 1042400
30000 1042400
32000 1042400
34000 1042400
36000 1042400
38000 1042400
40000 1042400
42000 1042400
44000 1042400
46000 1042400
48000 1042400
50000 1042400
52000 1042400
54000 1042400
56000 1042400
58000 1042400
60000 1042400
62000 1042400
64000 1042400
66000 1042400
68000 1042400
70000 1042400
72000 1042400
74000 1042400
76000 1042400
78000 1042400
80000 1042400
82000 1042400
84000 1045124
86000 1048860
88000 1052632
90000 1056308
92000 1060194
94000 1064052
96000 1067860
98000 1071722
100000 1075618
102000 1079552
104000 1083330
106000 1087186
108000 1091048
110000 1094928
112000 1098708
114000 1102478
116000 1106400
118000 1110258
120000 1114112
122000 1118004
124000 1121782
126000 1125446
128000 1129322
130000 1133204
132000 1137096
134000 1140922
136000 1144750
138000 1148648
140000 1152570
142000 1156466
144000 1160236
146000 1164134
148000 1168002
150000 1171884
152000 1175748
154000 1179624
156000 1183510
158000 1187318
160000 1191230
162000 1195150
164000 1199044
166000 1202908
168000 1206838
170000 1210734
172000 1214612
174000 1218384
176000 1218384
178000 1218384
180000 1218384
182000 1218384
184000 1218384
186000 1218384
188000 1221630
190000 1225154
192000 1228752
194000 1232300
196000 1235856
198000 1239516
200000 1243078
202000 1246702
204000 1250146
206000 1253716
208000 1257252
210000 1260780
212000 1264334
214000 1267986
216000 1271608
218000 1275270
220000 1278896
222000 1282510
224000 1286140
226000 1289776
228000 1293364
230000 1296948
232000 1300664
234000 1305204
236000 1313310
238000 1320118
240000 1326127
242000 1333359
244000 1340906
246000 1347205
248000 1353083
250000 1357279
252000 1364845
254000 1370279
256000 1375301
258000 1380393
260000 1385651
262000 1391778
264000 1397073
266000 1401791
268000 1405332
270000 1408952
272000 1412486
274000 1415980
276000 1419582
278000 1423172
280000 1426822
282000 1430482
284000 1434114
286000 1437708
288000 1441354
290000 1446037
292000 1452598
294000 1458720
296000 1464765
298000 1469504
300000 1475779
302000 1481164
304000 1486717
306000 1491982
308000 1496075
310000 1499313
312000 1502424
314000 1505554
316000 1508826
318000 1512166
320000 1515488
322000 1520229
324000 1526230
326000 1531910
328000 1537809
330000 1543818
332000 1549418
334000 1555880
336000 1566220
338000 1572255
340000 1576827
342000 1581699
344000 1587729
346000 1594006
348000 1599635
350000 1605399
352000 1611162
354000 1617644
356000 1625361
358000 1630308
360000 1635935
362000 1641596
364000 1647047
366000 1652618
368000 1659957
370000 1666713
372000 1672471
374000 1678629
376000 1684106
378000 1690616
380000 1697599
382000 1704485
384000 1709552
386000 1716521
388000 1723601
390000 1730730
392000 1737228
394000 1744479
396000 1752996
398000 1760327
400000 1769192
402000 1777067
404000 1786027
406000 1793842
408000 1802422
410000 1811505
412000 1820458
414000 1830922
416000 1841106
418000 1850896
420000 1861422
422000 1873528
424000 1885511
426000 1897585
428000 1911473
430000 1925655
432000 1940949
434000 1957251
435617 1971585
435618 1971585
435619 1971603
435620 1971603
435621 1971603
435622 1971603
435623 1971617
435624 1971621
435625 1971623
435626 1971623
435627 1971625
435628 1971641
435629 1971641
435630 1971661
435631 1971661
435632 1971665
435633 1971665
435634 1971665
435635 1971665
435636 1971671
435637 1971683
435638 1971687
435639 1971691
435640 1971691
435641 1971693
435642 1971693
435643 1971693
435644 1971703
435645 1971707
435646 1971713
435647 1971713
435648 1971713
435649 1971713
435650 1971713
435651 1971713
435652 1971713
435653 1971713
435654 1971713
435655 1971713
435656 1971713
435657 1971713
435658 1971713
435659 1971717
435660 1971717
435661 1971717
435662 1971717
435663 1971717
435664 1971717
435665 1971717
435666 1971717
