USA-road-COL 435666 1042400
ED
0 4.79
2000 4.79
4000 4.79
6000 4.8
8000 4.8
10000 4.8
12000 4.81
14000 4.81
16000 4.82
18000 4.82
20000 4.82
22000 4.83
24000 4.83
26000 4.84
28000 4.84
30000 4.84
32000 4.85
34000 4.85
36000 4.86
38000 4.86
40000 4.86
42000 4.87
44000 4.87
46000 4.88
48000 4.88
50000 4.89
52000 4.89
54000 4.9
56000 4.9
58000 4.91
60000 4.91
62000 4.92
64000 4.92
66000 4.93
68000 4.93
70000 4.94
72000 4.94
74000 4.95
76000 4.95
78000 4.96
80000 4.96
82000 4.97
84000 4.97
86000 4.98
88000 4.98
90000 4.99
92000 5.0
94000 5.0
96000 5.01
98000 5.01
100000 5.02
102000 5.03
104000 5.03
106000 5.04
108000 5.04
110000 5.05
112000 5.06
114000 5.06
116000 5.07
118000 5.08
120000 5.08
122000 5.09
124000 5.1
126000 5.1
128000 5.11
130000 5.12
132000 5.13
134000 5.13
136000 5.14
138000 5.14
140000 5.14
142000 5.15
144000 5.15
146000 5.16
148000 5.16
150000 5.17
152000 5.17
154000 5.18
156000 5.18
158000 5.19
160000 5.19
162000 5.2
164000 5.2
166000 5.21
168000 5.22
170000 5.22
172000 5.23
174000 5.24
176000 5.24
178000 5.25
180000 5.26
182000 5.26
184000 5.27
186000 5.28
188000 5.28
190000 5.29
192000 5.3
194000 5.3
196000 5.31
198000 5.32
200000 5.33
202000 5.33
204000 5.34
206000 5.34
208000 5.35
210000 5.36
212000 5.37
214000 5.38
216000 5.39
218000 5.39
220000 5.4
222000 5.41
224000 5.42
226000 5.43
228000 5.44
230000 5.45
232000 5.46
234000 5.47
236000 5.47
238000 5.48
240000 5.5
242000 5.51
244000 5.52
246000 5.53
248000 5.54
250000 5.56
252000 5.57
254000 5.58
256000 5.6
258000 5.61
260000 5.62
262000 5.64
264000 5.65
266000 5.67
268000 5.68
270000 5.7
272000 5.71
274000 5.73
276000 5.75
278000 5.76
280000 5.78
282000 5.8
284000 5.82
286000 5.84
288000 5.86
290000 5.87
292000 5.9
294000 5.92
296000 5.94
298000 5.96
300000 5.98
302000 6.01
304000 6.03
306000 6.05
308000 6.08
310000 6.11
312000 6.14
314000 6.16
316000 6.19
318000 6.22
320000 6.25
322000 6.28
324000 6.32
326000 6.36
328000 6.39
330000 6.43
332000 6.48
334000 6.52
336000 6.56
338000 6.6
340000 6.65
342000 6.7
344000 6.75
346000 6.79
348000 6.84
350000 6.89
352000 6.95
354000 7.02
356000 7.08
358000 7.14
360000 7.21
362000 7.28
364000 7.33
366000 7.39
368000 7.49
370000 7.57
372000 7.66
374000 7.75
376000 7.85
378000 7.96
380000 8.06
382000 8.18
384000 8.3
386000 8.45
388000 8.59
390000 8.74
392000 8.94
394000 9.13
396000 9.3
398000 9.48
400000 9.8
402000 10.09
404000 10.31
406000 10.58
408000 10.91
410000 11.28
412000 11.69
414000 12.22
416000 12.66
418000 13.25
420000 13.82
422000 14.53
424000 15.32
426000 16.31
428000 17.51
430000 19.33
432000 22.39
434000 27.77
435617 44.73
435618 44.58
435619 44.17
435620 44.17
435621 44.53
435622 44.18
435623 44.19
435624 43.71
435625 43.22
435626 43.3
435627 42.77
435628 42.32
435629 42.92
435630 42.56
435631 41.83
435632 41.18
435633 40.36
435634 39.63
435635 39.35
435636 38.53
435637 38.62
435638 38.0
435639 37.48
435640 36.77
435641 36.0
435642 35.33
435643 34.78
435644 34.18
435645 34.1
435646 33.2
435647 32.42
435648 31.78
435649 30.35
435650 29.5
435651 27.73
435652 26.0
435653 24.0
435654 22.0
435655 20.0
435656 18.0
435657 16.0
435658 14.0
435659 12.0
435660 10.0
435661 8.0
435662 6.0
435663 4.0
435664 2.0
435665 0.0
