USA-road-COL 435666 1042400
3ED2N
0 4.79
2000 4.79
4000 4.79
6000 4.8
8000 4.8
10000 4.8
12000 4.81
14000 4.81
16000 4.82
18000 4.82
20000 4.82
22000 4.83
24000 4.83
26000 4.84
28000 4.84
30000 4.84
32000 4.85
34000 4.85
36000 4.86
38000 4.86
40000 4.86
42000 4.87
44000 4.87
46000 4.88
48000 4.88
50000 4.89
52000 4.89
54000 4.9
56000 4.9
58000 4.91
60000 4.91
62000 4.92
64000 4.92
66000 4.93
68000 4.93
70000 4.94
72000 4.94
74000 4.95
76000 4.95
78000 4.96
80000 4.96
82000 4.97
84000 4.97
86000 4.98
88000 4.98
90000 4.98
92000 4.99
94000 4.99
96000 5.0
98000 5.0
100000 5.01
102000 5.01
104000 5.02
106000 5.02
108000 5.03
110000 5.04
112000 5.04
114000 5.05
116000 5.05
118000 5.06
120000 5.06
122000 5.07
124000 5.08
126000 5.08
128000 5.09
130000 5.09
132000 5.1
134000 5.1
136000 5.11
138000 5.12
140000 5.12
142000 5.13
144000 5.14
146000 5.15
148000 5.15
150000 5.16
152000 5.17
154000 5.17
156000 5.18
158000 5.19
160000 5.2
162000 5.21
164000 5.21
166000 5.22
168000 5.23
170000 5.24
172000 5.25
174000 5.26
176000 5.27
178000 5.27
180000 5.28
182000 5.29
184000 5.31
186000 5.32
188000 5.32
190000 5.33
192000 5.34
194000 5.34
196000 5.35
198000 5.36
200000 5.37
202000 5.38
204000 5.38
206000 5.39
208000 5.4
210000 5.41
212000 5.42
214000 5.43
216000 5.44
218000 5.45
220000 5.46
222000 5.47
224000 5.48
226000 5.49
228000 5.5
230000 5.51
232000 5.52
234000 5.53
236000 5.55
238000 5.56
240000 5.58
242000 5.59
244000 5.61
246000 5.62
248000 5.63
250000 5.65
252000 5.66
254000 5.67
256000 5.68
258000 5.7
260000 5.71
262000 5.73
264000 5.74
266000 5.76
268000 5.77
270000 5.79
272000 5.8
274000 5.82
276000 5.86
278000 5.89
280000 5.92
282000 5.96
284000 6.0
286000 6.03
288000 6.07
290000 6.1
292000 6.14
294000 6.17
296000 6.21
298000 6.25
300000 6.27
302000 6.29
304000 6.32
306000 6.34
308000 6.37
310000 6.4
312000 6.43
314000 6.46
316000 6.5
318000 6.55
320000 6.6
322000 6.65
324000 6.7
326000 6.75
328000 6.81
330000 6.85
332000 6.89
334000 6.93
336000 6.98
338000 7.02
340000 7.08
342000 7.14
344000 7.2
346000 7.27
348000 7.33
350000 7.39
352000 7.45
354000 7.51
356000 7.58
358000 7.66
360000 7.74
362000 7.87
364000 8.01
366000 8.14
368000 8.24
370000 8.33
372000 8.43
374000 8.59
376000 8.74
378000 8.84
380000 8.96
382000 9.13
384000 9.29
386000 9.42
388000 9.58
390000 9.77
392000 9.93
394000 10.11
396000 10.32
398000 10.52
400000 10.73
402000 10.97
404000 11.25
406000 11.61
408000 11.99
410000 12.37
412000 12.76
414000 13.15
416000 13.63
418000 14.24
420000 14.85
422000 15.56
424000 16.39
426000 17.56
428000 18.9
430000 20.95
432000 23.71
434000 28.86
435617 41.39
435618 41.58
435619 41.45
435620 40.96
435621 40.53
435622 41.45
435623 41.02
435624 40.38
435625 39.8
435626 39.4
435627 39.18
435628 38.74
435629 38.38
435630 38.22
435631 37.94
435632 37.53
435633 37.09
435634 36.63
435635 37.03
435636 36.67
435637 36.69
435638 36.57
435639 36.74
435640 35.85
435641 36.8
435642 36.33
435643 35.13
435644 34.36
435645 33.14
435646 32.2
435647 32.0
435648 30.67
435649 29.65
435650 28.75
435651 27.2
435652 25.43
435653 23.69
435654 22.0
435655 20.0
435656 18.0
435657 16.0
435658 14.0
435659 12.0
435660 10.0
435661 8.0
435662 6.0
435663 4.0
435664 2.0
435665 0.0
