USA-road-COL 435666 1042400
3ED2N
0 1042400
2000 1042400
4000 1042400
6000 1042400
8000 1042400
10000 1042400
12000 1042400
14000 1042400
16000 1042400
18000 1042400
20000 1042400
22000 1042400
24000 1042400
26000 1042400
28000 1042400
30000 1042400
32000 1042400
34000 1042400
36000 1042400
38000 1042400
40000 1042400
42000 1042400
44000 1042400
46000 1042400
48000 1042400
50000 1042400
52000 1042400
54000 1042400
56000 1042400
58000 1042400
60000 1042400
62000 1042400
64000 1042400
66000 1042400
68000 1042400
70000 1042400
72000 1042400
74000 1042400
76000 1042400
78000 1042400
80000 1042400
82000 1042400
84000 1045124
86000 1048860
88000 1052632
90000 1056308
92000 1060194
94000 1064052
96000 1067860
98000 1071722
100000 1075618
102000 1079552
104000 1083330
106000 1087186
108000 1091048
110000 1094928
112000 1098708
114000 1102478
116000 1106400
118000 1110258
120000 1114112
122000 1118004
124000 1121782
126000 1125446
128000 1129322
130000 1133204
132000 1137096
134000 1140922
136000 1144750
138000 1148648
140000 1152570
142000 1156466
144000 1160236
146000 1164134
148000 1168002
150000 1171884
152000 1175748
154000 1179624
156000 1183510
158000 1187318
160000 1191230
162000 1195150
164000 1199044
166000 1202908
168000 1206838
170000 1210734
172000 1214612
174000 1218384
176000 1218384
178000 1218384
180000 1218384
182000 1218384
184000 1218384
186000 1218384
188000 1221630
190000 1225154
192000 1228752
194000 1232300
196000 1235856
198000 1239516
200000 1243078
202000 1246702
204000 1250146
206000 1253716
208000 1257252
210000 1260780
212000 1264334
214000 1267986
216000 1271608
218000 1275270
220000 1278896
222000 1282510
224000 1286140
226000 1289776
228000 1293364
230000 1296948
232000 1300664
234000 1303628
236000 1303996
238000 1304412
240000 1304798
242000 1305090
244000 1305394
246000 1306638
248000 1310028
250000 1313544
252000 1317092
254000 1320636
256000 1324006
258000 1327550
260000 1331002
262000 1334636
264000 1338226
266000 1341802
268000 1345340
270000 1348880
272000 1352436
274000 1356550
276000 1364640
278000 1371645
280000 1378006
282000 1386619
284000 1392763
286000 1398275
288000 1405259
290000 1411163
292000 1416560
294000 1421814
296000 1428416
298000 1434351
300000 1437582
302000 1441018
304000 1444298
306000 1447652
308000 1451050
310000 1454474
312000 1457916
314000 1461370
316000 1467945
318000 1474439
320000 1481134
322000 1486791
324000 1492774
326000 1498732
328000 1504903
330000 1508758
332000 1512044
334000 1515290
336000 1518642
338000 1522553
340000 1528943
342000 1534896
344000 1540971
346000 1547036
348000 1552911
350000 1555972
352000 1559038
354000 1563702
356000 1569625
358000 1575556
360000 1581493
362000 1591529
364000 1600699
366000 1608069
368000 1614523
370000 1619987
372000 1625824
374000 1635312
376000 1642780
378000 1648042
380000 1653611
382000 1662627
384000 1670511
386000 1675636
388000 1683146
390000 1691609
392000 1696797
394000 1705066
396000 1711858
398000 1719545
400000 1725983
402000 1734018
404000 1741961
406000 1751832
408000 1761853
410000 1771589
412000 1780557
414000 1789647
416000 1799102
418000 1810565
420000 1821321
422000 1832499
424000 1843616
426000 1857154
428000 1870251
430000 1885174
432000 1900282
434000 1916694
435617 1931102
435618 1931114
435619 1931122
435620 1931122
435621 1931122
435622 1931152
435623 1931156
435624 1931156
435625 1931156
435626 1931156
435627 1931160
435628 1931160
435629 1931162
435630 1931166
435631 1931166
435632 1931166
435633 1931168
435634 1931168
435635 1931182
435636 1931182
435637 1931192
435638 1931204
435639 1931216
435640 1931216
435641 1931240
435642 1931240
435643 1931240
435644 1931246
435645 1931246
435646 1931246
435647 1931256
435648 1931258
435649 1931260
435650 1931266
435651 1931266
435652 1931266
435653 1931266
435654 1931266
435655 1931266
435656 1931266
435657 1931266
435658 1931266
435659 1931266
435660 1931266
435661 1931266
435662 1931266
435663 1931266
435664 1931266
435665 1931266
435666 1931266
