USA-road-COL 435666 1042400
RND
0 1042400
2000 1049860
4000 1057346
6000 1064594
8000 1072103
10000 1079735
12000 1087262
14000 1094914
16000 1102819
18000 1110661
20000 1118618
22000 1126560
24000 1134394
26000 1142543
28000 1150381
30000 1158185
32000 1165940
34000 1174156
36000 1182060
38000 1189795
40000 1197723
42000 1205999
44000 1214041
46000 1222189
48000 1230261
50000 1238530
52000 1246964
54000 1254881
56000 1263735
58000 1271809
60000 1280216
62000 1288511
64000 1296987
66000 1305682
68000 1314033
70000 1322278
72000 1330740
74000 1339174
76000 1347472
78000 1355952
80000 1364434
82000 1373217
84000 1381778
86000 1390346
88000 1399273
90000 1407906
92000 1416723
94000 1425628
96000 1434711
98000 1443760
100000 1452883
102000 1462086
104000 1471477
106000 1480880
108000 1490423
110000 1499673
112000 1508856
114000 1518232
116000 1527935
118000 1537222
120000 1547053
122000 1556428
124000 1565804
126000 1576007
128000 1585085
130000 1594347
132000 1604461
134000 1614113
136000 1624075
138000 1633744
140000 1643667
142000 1653466
144000 1663379
146000 1673791
148000 1684514
150000 1694831
152000 1704919
154000 1715505
156000 1726073
158000 1736400
160000 1747225
162000 1757925
164000 1768632
166000 1779650
168000 1790483
170000 1801503
172000 1812411
174000 1823475
176000 1835570
178000 1846869
180000 1858531
182000 1870359
184000 1882442
186000 1893987
188000 1906142
190000 1917863
192000 1929214
194000 1940886
196000 1953222
198000 1965063
200000 1977214
202000 1989484
204000 2002018
206000 2014277
208000 2026408
210000 2039538
212000 2051995
214000 2064692
216000 2077648
218000 2090758
220000 2104562
222000 2117667
224000 2130904
226000 2144505
228000 2157163
230000 2170723
232000 2184296
234000 2198808
236000 2212882
238000 2226783
240000 2242470
242000 2257181
244000 2271677
246000 2286156
248000 2301051
250000 2315863
252000 2330652
254000 2347100
256000 2363251
258000 2378053
260000 2393832
262000 2409171
264000 2425881
266000 2442182
268000 2458730
270000 2477061
272000 2494590
274000 2511709
276000 2528612
278000 2546424
280000 2564209
282000 2583270
284000 2601524
286000 2619606
288000 2638637
290000 2657657
292000 2677946
294000 2698902
296000 2718407
298000 2739047
300000 2759764
302000 2779526
304000 2802521
306000 2823638
308000 2845629
310000 2867406
312000 2889528
314000 2911937
316000 2935425
318000 2958845
320000 2983619
322000 3007810
324000 3031486
326000 3055138
328000 3079158
330000 3105476
332000 3133808
334000 3162338
336000 3189526
338000 3218921
340000 3245484
342000 3273929
344000 3303235
346000 3334721
348000 3364157
350000 3397156
352000 3430719
354000 3462816
356000 3499381
358000 3534675
360000 3570301
362000 3608997
364000 3650836
366000 3690446
368000 3729065
370000 3769900
372000 3814706
374000 3854122
376000 3900946
378000 3946194
380000 3994764
382000 4040178
384000 4088449
386000 4141327
388000 4193631
390000 4242968
392000 4300149
394000 4357834
396000 4425657
398000 4495056
400000 4563014
402000 4633788
404000 4712913
406000 4787574
408000 4867117
410000 4946331
412000 5069293
414000 5162205
416000 5288573
418000 5399700
420000 5514707
422000 5687222
424000 5837176
426000 6026624
428000 6277894
430000 6541874
432000 7071138
434000 7529030
435617 7963952
435618 7963952
435619 7963952
435620 7963952
435621 7963952
435622 7963952
435623 7963952
435624 7963952
435625 7963952
435626 7963952
435627 7963952
435628 7963952
435629 7963952
435630 7963952
435631 7963952
435632 7963952
435633 7963952
435634 7963952
435635 7963952
435636 7963952
435637 7963952
435638 7963952
435639 7963952
435640 7963952
435641 7963952
435642 7963952
435643 7963952
435644 7963952
435645 7963952
435646 7963952
435647 7963952
435648 7963952
435649 7963952
435650 7963952
435651 7963952
435652 7963952
435653 7963952
435654 7963952
435655 7963952
435656 7963952
435657 7963952
435658 7963952
435659 7963952
435660 7963952
435661 7963952
435662 7963952
435663 7963952
435664 7963952
435665 7963952
435666 7963952
