USA-road-COL 435666 1042400
EDN
0 4.79
2000 4.79
4000 4.79
6000 4.8
8000 4.8
10000 4.8
12000 4.81
14000 4.81
16000 4.82
18000 4.82
20000 4.82
22000 4.83
24000 4.83
26000 4.84
28000 4.84
30000 4.84
32000 4.85
34000 4.85
36000 4.86
38000 4.86
40000 4.86
42000 4.87
44000 4.87
46000 4.88
48000 4.88
50000 4.89
52000 4.89
54000 4.9
56000 4.9
58000 4.91
60000 4.91
62000 4.92
64000 4.92
66000 4.93
68000 4.93
70000 4.94
72000 4.94
74000 4.95
76000 4.95
78000 4.96
80000 4.96
82000 4.97
84000 4.97
86000 4.98
88000 4.98
90000 4.98
92000 4.99
94000 4.99
96000 5.0
98000 5.0
100000 5.01
102000 5.01
104000 5.02
106000 5.02
108000 5.03
110000 5.04
112000 5.04
114000 5.05
116000 5.05
118000 5.06
120000 5.06
122000 5.07
124000 5.08
126000 5.08
128000 5.09
130000 5.09
132000 5.1
134000 5.1
136000 5.11
138000 5.12
140000 5.12
142000 5.13
144000 5.14
146000 5.15
148000 5.15
150000 5.16
152000 5.17
154000 5.17
156000 5.18
158000 5.19
160000 5.2
162000 5.21
164000 5.21
166000 5.22
168000 5.23
170000 5.24
172000 5.25
174000 5.26
176000 5.27
178000 5.27
180000 5.28
182000 5.29
184000 5.31
186000 5.32
188000 5.32
190000 5.33
192000 5.34
194000 5.34
196000 5.35
198000 5.36
200000 5.37
202000 5.38
204000 5.38
206000 5.39
208000 5.4
210000 5.41
212000 5.42
214000 5.43
216000 5.44
218000 5.45
220000 5.46
222000 5.47
224000 5.48
226000 5.49
228000 5.5
230000 5.51
232000 5.52
234000 5.54
236000 5.56
238000 5.59
240000 5.61
242000 5.64
244000 5.67
246000 5.69
248000 5.72
250000 5.74
252000 5.77
254000 5.8
256000 5.83
258000 5.85
260000 5.88
262000 5.91
264000 5.94
266000 5.96
268000 5.98
270000 6.0
272000 6.02
274000 6.04
276000 6.06
278000 6.08
280000 6.1
282000 6.12
284000 6.15
286000 6.17
288000 6.19
290000 6.22
292000 6.26
294000 6.29
296000 6.33
298000 6.37
300000 6.42
302000 6.46
304000 6.5
306000 6.54
308000 6.57
310000 6.6
312000 6.63
314000 6.66
316000 6.69
318000 6.73
320000 6.76
322000 6.8
324000 6.85
326000 6.9
328000 6.96
330000 7.02
332000 7.07
334000 7.13
336000 7.23
338000 7.3
340000 7.36
342000 7.42
344000 7.5
346000 7.56
348000 7.63
350000 7.7
352000 7.77
354000 7.86
356000 7.96
358000 8.04
360000 8.14
362000 8.21
364000 8.29
366000 8.39
368000 8.49
370000 8.61
372000 8.72
374000 8.83
376000 8.94
378000 9.06
380000 9.19
382000 9.33
384000 9.46
386000 9.61
388000 9.77
390000 9.95
392000 10.12
394000 10.31
396000 10.55
398000 10.75
400000 11.02
402000 11.28
404000 11.58
406000 11.87
408000 12.18
410000 12.54
412000 12.94
414000 13.42
416000 13.92
418000 14.45
420000 15.06
422000 15.87
424000 16.77
426000 17.82
428000 19.34
430000 21.21
432000 24.06
434000 29.22
435617 46.94
435618 46.33
435619 46.47
435620 46.0
435621 45.78
435622 45.18
435623 45.21
435624 45.05
435625 44.39
435626 43.8
435627 43.08
435628 43.16
435629 42.38
435630 42.67
435631 41.71
435632 41.06
435633 40.12
435634 39.25
435635 38.32
435636 37.87
435637 38.07
435638 37.57
435639 37.19
435640 36.46
435641 35.84
435642 35.0
435643 34.26
435644 34.36
435645 33.52
435646 33.0
435647 31.79
435648 30.89
435649 29.65
435650 28.0
435651 26.4
435652 24.86
435653 23.38
435654 21.33
435655 19.27
435656 17.2
435657 15.11
435658 13.0
435659 12.0
435660 10.0
435661 8.0
435662 6.0
435663 4.0
435664 2.0
435665 0.0
