USA-road-COL 435666 1042400
N
0 4.79
2000 4.8
4000 4.81
6000 4.83
8000 4.84
10000 4.85
12000 4.87
14000 4.88
16000 4.9
18000 4.91
20000 4.92
22000 4.93
24000 4.95
26000 4.96
28000 4.98
30000 4.99
32000 5.0
34000 5.02
36000 5.03
38000 5.05
40000 5.06
42000 5.08
44000 5.09
46000 5.11
48000 5.13
50000 5.15
52000 5.17
54000 5.18
56000 5.2
58000 5.21
60000 5.23
62000 5.24
64000 5.26
66000 5.28
68000 5.3
70000 5.32
72000 5.34
74000 5.35
76000 5.37
78000 5.39
80000 5.4
82000 5.42
84000 5.44
86000 5.45
88000 5.47
90000 5.49
92000 5.51
94000 5.53
96000 5.55
98000 5.57
100000 5.6
102000 5.62
104000 5.63
106000 5.66
108000 5.68
110000 5.7
112000 5.72
114000 5.74
116000 5.76
118000 5.79
120000 5.81
122000 5.83
124000 5.85
126000 5.87
128000 5.9
130000 5.93
132000 5.95
134000 5.98
136000 6.0
138000 6.02
140000 6.05
142000 6.07
144000 6.1
146000 6.12
148000 6.15
150000 6.18
152000 6.21
154000 6.24
156000 6.26
158000 6.3
160000 6.33
162000 6.36
164000 6.4
166000 6.43
168000 6.46
170000 6.49
172000 6.52
174000 6.55
176000 6.58
178000 6.62
180000 6.65
182000 6.68
184000 6.72
186000 6.76
188000 6.81
190000 6.85
192000 6.88
194000 6.92
196000 6.93
198000 6.95
200000 6.95
202000 6.96
204000 6.97
206000 6.99
208000 7.01
210000 7.03
212000 7.03
214000 7.05
216000 7.06
218000 7.07
220000 7.08
222000 7.1
224000 7.11
226000 7.13
228000 7.13
230000 7.15
232000 7.17
234000 7.18
236000 7.2
238000 7.21
240000 7.24
242000 7.26
244000 7.28
246000 7.3
248000 7.31
250000 7.34
252000 7.36
254000 7.37
256000 7.4
258000 7.42
260000 7.46
262000 7.49
264000 7.53
266000 7.56
268000 7.61
270000 7.64
272000 7.69
274000 7.73
276000 7.76
278000 7.81
280000 7.85
282000 7.89
284000 7.93
286000 7.98
288000 8.02
290000 8.07
292000 8.12
294000 8.17
296000 8.22
298000 8.28
300000 8.33
302000 8.38
304000 8.43
306000 8.49
308000 8.54
310000 8.6
312000 8.65
314000 8.72
316000 8.78
318000 8.84
320000 8.91
322000 8.97
324000 9.05
326000 9.11
328000 9.18
330000 9.26
332000 9.34
334000 9.41
336000 9.49
338000 9.58
340000 9.67
342000 9.77
344000 9.86
346000 9.96
348000 10.04
350000 10.14
352000 10.24
354000 10.35
356000 10.46
358000 10.58
360000 10.71
362000 10.84
364000 10.97
366000 11.1
368000 11.25
370000 11.4
372000 11.55
374000 11.72
376000 11.87
378000 12.04
380000 12.22
382000 12.43
384000 12.64
386000 12.83
388000 13.06
390000 13.31
392000 13.59
394000 13.83
396000 14.13
398000 14.45
400000 14.77
402000 15.13
404000 15.5
406000 15.9
408000 16.36
410000 16.87
412000 17.41
414000 18.06
416000 18.84
418000 19.59
420000 20.46
422000 21.53
424000 22.69
426000 24.22
428000 25.85
430000 28.23
432000 31.67
434000 38.14
435617 47.43
435618 46.83
435619 46.47
435620 46.87
435621 45.51
435622 45.64
435623 45.95
435624 44.57
435625 44.2
435626 43.6
435627 43.79
435628 43.58
435629 43.89
435630 43.78
435631 42.29
435632 42.0
435633 40.97
435634 39.25
435635 38.97
435636 38.67
435637 37.24
435638 36.29
435639 34.96
435640 33.38
435641 32.96
435642 31.33
435643 29.74
435644 29.09
435645 29.14
435646 28.6
435647 26.95
435648 25.11
435649 23.53
435650 22.75
435651 20.8
435652 18.86
435653 18.77
435654 16.67
435655 16.73
435656 14.8
435657 16.0
435658 14.0
435659 12.0
435660 10.0
435661 8.0
435662 6.0
435663 4.0
435664 2.0
435665 0.0
