USA-road-COL 435666 1042400
RND
0 4.79
2000 4.8
4000 4.81
6000 4.82
8000 4.83
10000 4.85
12000 4.86
14000 4.87
16000 4.89
18000 4.9
20000 4.91
22000 4.93
24000 4.94
26000 4.96
28000 4.97
30000 4.98
32000 5.0
34000 5.01
36000 5.03
38000 5.04
40000 5.06
42000 5.07
44000 5.09
46000 5.1
48000 5.12
50000 5.13
52000 5.15
54000 5.17
56000 5.18
58000 5.2
60000 5.22
62000 5.23
64000 5.25
66000 5.27
68000 5.28
70000 5.3
72000 5.32
74000 5.34
76000 5.35
78000 5.37
80000 5.39
82000 5.41
84000 5.42
86000 5.44
88000 5.46
90000 5.48
92000 5.5
94000 5.52
96000 5.54
98000 5.56
100000 5.58
102000 5.6
104000 5.63
106000 5.65
108000 5.67
110000 5.69
112000 5.71
114000 5.74
116000 5.76
118000 5.78
120000 5.81
122000 5.83
124000 5.85
126000 5.88
128000 5.9
130000 5.93
132000 5.95
134000 5.98
136000 6.0
138000 6.03
140000 6.06
142000 6.08
144000 6.11
146000 6.14
148000 6.17
150000 6.19
152000 6.22
154000 6.25
156000 6.28
158000 6.31
160000 6.34
162000 6.37
164000 6.41
166000 6.44
168000 6.47
170000 6.51
172000 6.54
174000 6.57
176000 6.61
178000 6.65
180000 6.68
182000 6.72
184000 6.76
186000 6.8
188000 6.84
190000 6.88
192000 6.92
194000 6.96
196000 7.0
198000 7.04
200000 7.09
202000 7.13
204000 7.17
206000 7.22
208000 7.26
210000 7.32
212000 7.36
214000 7.41
216000 7.46
218000 7.51
220000 7.57
222000 7.62
224000 7.68
226000 7.73
228000 7.78
230000 7.84
232000 7.9
234000 7.96
236000 8.02
238000 8.08
240000 8.15
242000 8.22
244000 8.29
246000 8.35
248000 8.42
250000 8.49
252000 8.56
254000 8.64
256000 8.72
258000 8.8
260000 8.87
262000 8.95
264000 9.04
266000 9.12
268000 9.21
270000 9.31
272000 9.41
274000 9.51
276000 9.6
278000 9.7
280000 9.81
282000 9.92
284000 10.03
286000 10.14
288000 10.25
290000 10.36
292000 10.49
294000 10.62
296000 10.75
298000 10.88
300000 11.02
302000 11.16
304000 11.32
306000 11.46
308000 11.62
310000 11.77
312000 11.93
314000 12.09
316000 12.28
318000 12.46
320000 12.67
322000 12.86
324000 13.06
326000 13.27
328000 13.48
330000 13.71
332000 13.97
334000 14.25
336000 14.49
338000 14.79
340000 15.05
342000 15.32
344000 15.61
346000 15.96
348000 16.29
350000 16.65
352000 17.05
354000 17.39
356000 17.86
358000 18.29
360000 18.72
362000 19.28
364000 19.84
366000 20.39
368000 20.92
370000 21.52
372000 22.25
374000 22.8
376000 23.58
378000 24.29
380000 25.12
382000 25.82
384000 26.74
386000 27.73
388000 28.75
390000 29.69
392000 30.88
394000 32.13
396000 33.73
398000 35.52
400000 37.21
402000 38.95
404000 41.24
406000 43.46
408000 45.78
410000 48.23
412000 53.76
414000 57.33
416000 63.8
418000 69.05
420000 74.64
422000 87.77
424000 97.53
426000 114.49
428000 145.39
430000 180.82
432000 311.28
434000 435.62
435617 95.92
435618 93.92
435619 91.91
435620 90.0
435621 88.0
435622 86.0
435623 84.0
435624 82.0
435625 80.0
435626 78.0
435627 76.0
435628 74.0
435629 72.0
435630 70.0
435631 68.0
435632 66.0
435633 64.0
435634 62.0
435635 60.0
435636 58.0
435637 56.0
435638 54.0
435639 52.0
435640 50.0
435641 48.0
435642 46.0
435643 44.0
435644 42.0
435645 40.0
435646 38.0
435647 36.0
435648 34.0
435649 32.0
435650 30.0
435651 28.0
435652 26.0
435653 24.0
435654 22.0
435655 20.0
435656 18.0
435657 16.0
435658 14.0
435659 12.0
435660 10.0
435661 8.0
435662 6.0
435663 4.0
435664 2.0
435665 0.0
