USA-road-COL 435666 1042400
2EDN
0 4.79
2000 4.79
4000 4.79
6000 4.8
8000 4.8
10000 4.8
12000 4.81
14000 4.81
16000 4.82
18000 4.82
20000 4.82
22000 4.83
24000 4.83
26000 4.84
28000 4.84
30000 4.84
32000 4.85
34000 4.85
36000 4.86
38000 4.86
40000 4.86
42000 4.87
44000 4.87
46000 4.88
48000 4.88
50000 4.89
52000 4.89
54000 4.9
56000 4.9
58000 4.91
60000 4.91
62000 4.92
64000 4.92
66000 4.93
68000 4.93
70000 4.94
72000 4.94
74000 4.95
76000 4.95
78000 4.96
80000 4.96
82000 4.97
84000 4.97
86000 4.98
88000 4.98
90000 4.98
92000 4.99
94000 4.99
96000 5.0
98000 5.0
100000 5.01
102000 5.02
104000 5.02
106000 5.03
108000 5.03
110000 5.04
112000 5.04
114000 5.05
116000 5.05
118000 5.06
120000 5.07
122000 5.07
124000 5.08
126000 5.08
128000 5.09
130000 5.1
132000 5.1
134000 5.11
136000 5.11
138000 5.12
140000 5.13
142000 5.14
144000 5.14
146000 5.15
148000 5.16
150000 5.16
152000 5.17
154000 5.18
156000 5.19
158000 5.19
160000 5.2
162000 5.21
164000 5.22
166000 5.23
168000 5.23
170000 5.24
172000 5.25
174000 5.26
176000 5.27
178000 5.28
180000 5.29
182000 5.3
184000 5.31
186000 5.32
188000 5.33
190000 5.33
192000 5.34
194000 5.35
196000 5.36
198000 5.37
200000 5.37
202000 5.38
204000 5.39
206000 5.4
208000 5.41
210000 5.42
212000 5.43
214000 5.44
216000 5.45
218000 5.46
220000 5.47
222000 5.48
224000 5.49
226000 5.5
228000 5.51
230000 5.52
232000 5.54
234000 5.55
236000 5.56
238000 5.57
240000 5.58
242000 5.6
244000 5.61
246000 5.63
248000 5.64
250000 5.65
252000 5.66
254000 5.68
256000 5.69
258000 5.71
260000 5.72
262000 5.73
264000 5.75
266000 5.76
268000 5.78
270000 5.8
272000 5.82
274000 5.83
276000 5.85
278000 5.87
280000 5.89
282000 5.91
284000 5.94
286000 5.97
288000 5.99
290000 6.02
292000 6.06
294000 6.09
296000 6.12
298000 6.16
300000 6.18
302000 6.21
304000 6.25
306000 6.28
308000 6.32
310000 6.36
312000 6.39
314000 6.43
316000 6.47
318000 6.51
320000 6.56
322000 6.6
324000 6.64
326000 6.69
328000 6.73
330000 6.78
332000 6.83
334000 6.88
336000 6.93
338000 6.99
340000 7.04
342000 7.1
344000 7.16
346000 7.21
348000 7.27
350000 7.34
352000 7.4
354000 7.47
356000 7.55
358000 7.61
360000 7.68
362000 7.76
364000 7.84
366000 7.93
368000 8.0
370000 8.09
372000 8.18
374000 8.29
376000 8.5
378000 8.63
380000 8.79
382000 8.95
384000 9.12
386000 9.29
388000 9.47
390000 9.65
392000 9.84
394000 10.02
396000 10.23
398000 10.43
400000 10.65
402000 10.88
404000 11.13
406000 11.39
408000 11.77
410000 12.2
412000 12.64
414000 13.06
416000 13.54
418000 14.04
420000 14.75
422000 15.5
424000 16.31
426000 17.5
428000 18.77
430000 20.94
432000 23.77
434000 28.61
435617 40.24
435618 40.08
435619 40.26
435620 40.26
435621 40.09
435622 40.27
435623 40.47
435624 40.95
435625 40.59
435626 40.2
435627 40.41
435628 40.11
435629 39.68
435630 39.33
435631 39.54
435632 39.06
435633 38.91
435634 38.38
435635 37.81
435636 37.2
435637 36.69
435638 36.0
435639 36.0
435640 35.23
435641 34.72
435642 34.0
435643 33.39
435644 32.73
435645 32.38
435646 32.2
435647 32.21
435648 31.33
435649 29.88
435650 28.5
435651 27.2
435652 25.71
435653 24.0
435654 22.0
435655 20.0
435656 18.0
435657 16.0
435658 14.0
435659 12.0
435660 10.0
435661 8.0
435662 6.0
435663 4.0
435664 2.0
435665 0.0
