USA-road-COL 435666 1042400
max10
0 4.79
2000 4.79
4000 4.79
6000 4.8
8000 4.8
10000 4.8
12000 4.81
14000 4.81
16000 4.82
18000 4.82
20000 4.82
22000 4.83
24000 4.83
26000 4.84
28000 4.84
30000 4.84
32000 4.85
34000 4.85
36000 4.86
38000 4.86
40000 4.86
42000 4.87
44000 4.87
46000 4.88
48000 4.88
50000 4.89
52000 4.89
54000 4.9
56000 4.9
58000 4.91
60000 4.91
62000 4.92
64000 4.92
66000 4.93
68000 4.93
70000 4.94
72000 4.94
74000 4.95
76000 4.95
78000 4.96
80000 4.96
82000 4.97
84000 4.97
86000 4.98
88000 4.98
90000 4.98
92000 4.99
94000 4.99
96000 5.0
98000 5.0
100000 5.01
102000 5.02
104000 5.02
106000 5.03
108000 5.03
110000 5.04
112000 5.04
114000 5.05
116000 5.05
118000 5.06
120000 5.07
122000 5.07
124000 5.08
126000 5.08
128000 5.09
130000 5.1
132000 5.1
134000 5.11
136000 5.12
138000 5.12
140000 5.13
142000 5.14
144000 5.14
146000 5.15
148000 5.16
150000 5.17
152000 5.17
154000 5.18
156000 5.19
158000 5.2
160000 5.2
162000 5.21
164000 5.22
166000 5.23
168000 5.24
170000 5.24
172000 5.25
174000 5.26
176000 5.27
178000 5.28
180000 5.29
182000 5.3
184000 5.31
186000 5.32
188000 5.33
190000 5.34
192000 5.34
194000 5.35
196000 5.36
198000 5.37
200000 5.38
202000 5.39
204000 5.4
206000 5.41
208000 5.42
210000 5.42
212000 5.43
214000 5.44
216000 5.45
218000 5.46
220000 5.47
222000 5.48
224000 5.49
226000 5.51
228000 5.52
230000 5.53
232000 5.54
234000 5.55
236000 5.57
238000 5.58
240000 5.59
242000 5.6
244000 5.62
246000 5.63
248000 5.64
250000 5.66
252000 5.67
254000 5.68
256000 5.7
258000 5.71
260000 5.73
262000 5.74
264000 5.76
266000 5.77
268000 5.79
270000 5.81
272000 5.82
274000 5.84
276000 5.86
278000 5.88
280000 5.9
282000 5.92
284000 5.95
286000 5.98
288000 6.01
290000 6.04
292000 6.07
294000 6.11
296000 6.14
298000 6.17
300000 6.2
302000 6.23
304000 6.27
306000 6.3
308000 6.34
310000 6.37
312000 6.41
314000 6.45
316000 6.49
318000 6.53
320000 6.58
322000 6.62
324000 6.67
326000 6.71
328000 6.76
330000 6.81
332000 6.86
334000 6.91
336000 6.96
338000 7.02
340000 7.08
342000 7.13
344000 7.19
346000 7.25
348000 7.31
350000 7.37
352000 7.45
354000 7.52
356000 7.59
358000 7.66
360000 7.73
362000 7.81
364000 7.89
366000 7.98
368000 8.06
370000 8.15
372000 8.24
374000 8.39
376000 8.58
378000 8.71
380000 8.88
382000 9.06
384000 9.22
386000 9.41
388000 9.59
390000 9.79
392000 9.97
394000 10.16
396000 10.37
398000 10.59
400000 10.82
402000 11.06
404000 11.33
406000 11.67
408000 12.11
410000 12.57
412000 13.03
414000 13.49
416000 14.0
418000 14.73
420000 15.54
422000 16.39
424000 17.63
426000 19.04
428000 21.31
430000 24.85
432000 32.15
434000 59.67
435617 95.8
435618 93.79
435619 91.79
435620 89.78
435621 87.78
435622 85.77
435623 83.77
435624 81.76
435625 79.76
435626 77.75
435627 75.74
435628 73.74
435629 71.73
435630 69.72
435631 67.71
435632 65.71
435633 63.7
435634 61.69
435635 59.68
435636 57.67
435637 55.66
435638 53.64
435639 51.63
435640 49.62
435641 47.6
435642 45.58
435643 43.91
435644 41.91
435645 39.9
435646 37.9
435647 35.89
435648 33.89
435649 31.88
435650 29.88
435651 27.87
435652 25.86
435653 23.85
435654 21.83
435655 20.0
435656 18.0
435657 16.0
435658 14.0
435659 12.0
435660 10.0
435661 8.0
435662 6.0
435663 4.0
435664 2.0
435665 0.0
