USA-road-COL 435666 1042400
max10
0 1042400
2000 1042400
4000 1042400
6000 1042400
8000 1042400
10000 1042400
12000 1042400
14000 1042400
16000 1042400
18000 1042400
20000 1042400
22000 1042400
24000 1042400
26000 1042400
28000 1042400
30000 1042400
32000 1042400
34000 1042400
36000 1042400
38000 1042400
40000 1042400
42000 1042400
44000 1042400
46000 1042400
48000 1042400
50000 1042400
52000 1042400
54000 1042400
56000 1042400
58000 1042400
60000 1042400
62000 1042400
64000 1042400
66000 1042400
68000 1042400
70000 1042400
72000 1042400
74000 1042400
76000 1042400
78000 1042400
80000 1042400
82000 1042400
84000 1044878
86000 1048381
88000 1051761
90000 1055120
92000 1058170
94000 1061531
96000 1064898
98000 1068065
100000 1071239
102000 1074711
104000 1077982
106000 1081437
108000 1084741
110000 1087983
112000 1091132
114000 1094598
116000 1097913
118000 1100998
120000 1104074
122000 1107075
124000 1110114
126000 1113150
128000 1116236
130000 1119455
132000 1122823
134000 1126053
136000 1129505
138000 1132697
140000 1135807
142000 1139140
144000 1142157
146000 1145212
148000 1148727
150000 1152119
152000 1155346
154000 1158429
156000 1161801
158000 1164967
160000 1168208
162000 1171592
164000 1174793
166000 1178017
168000 1181199
170000 1184472
172000 1187664
174000 1190968
176000 1194170
178000 1197319
180000 1200482
182000 1203758
184000 1207296
186000 1210848
188000 1214330
190000 1217582
192000 1220721
194000 1223737
196000 1226753
198000 1229513
200000 1232395
202000 1235370
204000 1238401
206000 1241122
208000 1244134
210000 1247052
212000 1249714
214000 1252194
216000 1254821
218000 1257843
220000 1260816
222000 1263797
224000 1266604
226000 1269485
228000 1272446
230000 1275259
232000 1278112
234000 1281015
236000 1283756
238000 1286625
240000 1289479
242000 1292239
244000 1294807
246000 1298099
248000 1301208
250000 1304253
252000 1307208
254000 1310003
256000 1312957
258000 1315829
260000 1318654
262000 1321305
264000 1324152
266000 1327157
268000 1330129
270000 1333066
272000 1335971
274000 1338881
276000 1341728
278000 1344627
280000 1347411
282000 1350663
284000 1357167
286000 1364076
288000 1369457
290000 1375279
292000 1382075
294000 1388734
296000 1393485
298000 1399951
300000 1403996
302000 1409095
304000 1415311
306000 1420098
308000 1425063
310000 1429666
312000 1434620
314000 1440316
316000 1445422
318000 1450011
320000 1456125
322000 1462026
324000 1467708
326000 1473394
328000 1479028
330000 1483282
332000 1488946
334000 1493872
336000 1498814
338000 1504311
340000 1508867
342000 1514733
344000 1520292
346000 1525553
348000 1530398
350000 1535935
352000 1541128
354000 1546375
356000 1551881
358000 1557428
360000 1562160
362000 1567589
364000 1572874
366000 1578318
368000 1583534
370000 1588673
372000 1593995
374000 1603315
376000 1614169
378000 1621272
380000 1629745
382000 1639203
384000 1646452
386000 1654869
388000 1663282
390000 1671373
392000 1679765
394000 1687408
396000 1695670
398000 1703750
400000 1711553
402000 1719398
404000 1727218
406000 1736494
408000 1747861
410000 1759430
412000 1770251
414000 1780525
416000 1790792
418000 1803642
420000 1817161
422000 1829814
424000 1844959
426000 1860271
428000 1878724
430000 1899802
432000 1927946
434000 1976481
435617 2156210
435618 2156210
435619 2156210
435620 2156210
435621 2156210
435622 2156210
435623 2156210
435624 2156210
435625 2156210
435626 2156210
435627 2156210
435628 2156210
435629 2156210
435630 2156210
435631 2156210
435632 2156210
435633 2156210
435634 2156210
435635 2156210
435636 2156210
435637 2156210
435638 2156210
435639 2156210
435640 2156210
435641 2156210
435642 2156210
435643 2156214
435644 2156214
435645 2156214
435646 2156214
435647 2156214
435648 2156214
435649 2156214
435650 2156214
435651 2156214
435652 2156214
435653 2156214
435654 2156214
435655 2156214
435656 2156214
435657 2156214
435658 2156214
435659 2156214
435660 2156214
435661 2156214
435662 2156214
435663 2156214
435664 2156214
435665 2156214
435666 2156214
