USA-road-COL 435666 1042400
max20
0 4.79
2000 4.79
4000 4.79
6000 4.8
8000 4.8
10000 4.8
12000 4.81
14000 4.81
16000 4.82
18000 4.82
20000 4.82
22000 4.83
24000 4.83
26000 4.84
28000 4.84
30000 4.84
32000 4.85
34000 4.85
36000 4.86
38000 4.86
40000 4.86
42000 4.87
44000 4.87
46000 4.88
48000 4.88
50000 4.89
52000 4.89
54000 4.9
56000 4.9
58000 4.91
60000 4.91
62000 4.92
64000 4.92
66000 4.93
68000 4.93
70000 4.94
72000 4.94
74000 4.95
76000 4.95
78000 4.96
80000 4.96
82000 4.97
84000 4.97
86000 4.98
88000 4.98
90000 4.98
92000 4.99
94000 4.99
96000 5.0
98000 5.0
100000 5.01
102000 5.02
104000 5.02
106000 5.03
108000 5.03
110000 5.04
112000 5.04
114000 5.05
116000 5.05
118000 5.06
120000 5.07
122000 5.07
124000 5.08
126000 5.08
128000 5.09
130000 5.1
132000 5.1
134000 5.11
136000 5.11
138000 5.12
140000 5.13
142000 5.14
144000 5.14
146000 5.15
148000 5.16
150000 5.16
152000 5.17
154000 5.18
156000 5.19
158000 5.19
160000 5.2
162000 5.21
164000 5.22
166000 5.23
168000 5.24
170000 5.24
172000 5.25
174000 5.26
176000 5.27
178000 5.28
180000 5.29
182000 5.3
184000 5.31
186000 5.32
188000 5.33
190000 5.34
192000 5.34
194000 5.35
196000 5.36
198000 5.37
200000 5.38
202000 5.39
204000 5.39
206000 5.4
208000 5.41
210000 5.42
212000 5.43
214000 5.44
216000 5.45
218000 5.46
220000 5.47
222000 5.48
224000 5.49
226000 5.5
228000 5.51
230000 5.53
232000 5.54
234000 5.55
236000 5.56
238000 5.57
240000 5.59
242000 5.6
244000 5.61
246000 5.63
248000 5.64
250000 5.65
252000 5.67
254000 5.68
256000 5.69
258000 5.71
260000 5.72
262000 5.74
264000 5.75
266000 5.77
268000 5.78
270000 5.8
272000 5.82
274000 5.84
276000 5.85
278000 5.87
280000 5.89
282000 5.91
284000 5.94
286000 5.97
288000 6.0
290000 6.03
292000 6.06
294000 6.1
296000 6.13
298000 6.16
300000 6.19
302000 6.22
304000 6.26
306000 6.29
308000 6.33
310000 6.36
312000 6.4
314000 6.44
316000 6.48
318000 6.52
320000 6.56
322000 6.61
324000 6.65
326000 6.7
328000 6.74
330000 6.79
332000 6.84
334000 6.89
336000 6.94
338000 7.0
340000 7.05
342000 7.11
344000 7.17
346000 7.22
348000 7.28
350000 7.35
352000 7.42
354000 7.49
356000 7.56
358000 7.63
360000 7.7
362000 7.78
364000 7.86
366000 7.95
368000 8.03
370000 8.11
372000 8.2
374000 8.33
376000 8.53
378000 8.66
380000 8.82
382000 9.0
384000 9.16
386000 9.33
388000 9.52
390000 9.7
392000 9.89
394000 10.08
396000 10.29
398000 10.49
400000 10.71
402000 10.96
404000 11.22
406000 11.52
408000 11.92
410000 12.37
412000 12.81
414000 13.25
416000 13.73
418000 14.29
420000 15.09
422000 15.86
424000 16.76
426000 18.11
428000 19.61
430000 22.06
432000 26.73
434000 38.15
435617 90.69
435618 89.88
435619 88.21
435620 86.57
435621 85.11
435622 83.32
435623 81.49
435624 79.67
435625 77.85
435626 76.05
435627 74.26
435628 72.42
435629 70.81
435630 68.94
435631 67.03
435632 65.24
435633 63.45
435634 61.56
435635 59.68
435636 57.87
435637 55.86
435638 53.86
435639 51.85
435640 49.85
435641 47.84
435642 45.83
435643 43.91
435644 41.91
435645 39.9
435646 37.9
435647 35.89
435648 34.0
435649 32.0
435650 30.0
435651 28.0
435652 26.0
435653 24.0
435654 22.0
435655 20.0
435656 18.0
435657 16.0
435658 14.0
435659 12.0
435660 10.0
435661 8.0
435662 6.0
435663 4.0
435664 2.0
435665 0.0
