USA-road-COL 435666 1042400
max20
0 1042400
2000 1042400
4000 1042400
6000 1042400
8000 1042400
10000 1042400
12000 1042400
14000 1042400
16000 1042400
18000 1042400
20000 1042400
22000 1042400
24000 1042400
26000 1042400
28000 1042400
30000 1042400
32000 1042400
34000 1042400
36000 1042400
38000 1042400
40000 1042400
42000 1042400
44000 1042400
46000 1042400
48000 1042400
50000 1042400
52000 1042400
54000 1042400
56000 1042400
58000 1042400
60000 1042400
62000 1042400
64000 1042400
66000 1042400
68000 1042400
70000 1042400
72000 1042400
74000 1042400
76000 1042400
78000 1042400
80000 1042400
82000 1042400
84000 1044867
86000 1048365
88000 1051736
90000 1055086
92000 1058123
94000 1061479
96000 1064842
98000 1068006
100000 1071176
102000 1074643
104000 1077915
106000 1081365
108000 1084663
110000 1087905
112000 1091048
114000 1094510
116000 1097821
118000 1100900
120000 1103972
122000 1106969
124000 1110004
126000 1113034
128000 1116118
130000 1119330
132000 1122689
134000 1125916
136000 1129366
138000 1132554
140000 1135658
142000 1138975
144000 1141995
146000 1145034
148000 1148541
150000 1151932
152000 1155151
154000 1158229
156000 1161598
158000 1164758
160000 1167990
162000 1171374
164000 1174568
166000 1177789
168000 1180973
170000 1184253
172000 1187429
174000 1190731
176000 1193936
178000 1197074
180000 1200244
182000 1203504
184000 1207022
186000 1210570
188000 1214050
190000 1217308
192000 1220419
194000 1223449
196000 1226447
198000 1229220
200000 1232072
202000 1235041
204000 1238081
206000 1240775
208000 1243787
210000 1246744
212000 1249368
214000 1251861
216000 1254477
218000 1257475
220000 1260487
222000 1263465
224000 1266238
226000 1269164
228000 1272055
230000 1274897
232000 1277718
234000 1280612
236000 1283404
238000 1286229
240000 1289070
242000 1291858
244000 1294415
246000 1297671
248000 1300775
250000 1303818
252000 1306778
254000 1309539
256000 1312467
258000 1315378
260000 1318177
262000 1320823
264000 1323648
266000 1326662
268000 1329596
270000 1332504
272000 1335423
274000 1338295
276000 1341118
278000 1344031
280000 1346823
282000 1350015
284000 1356261
286000 1363096
288000 1368431
290000 1373891
292000 1380614
294000 1387697
296000 1392259
298000 1398899
300000 1402908
302000 1407589
304000 1413996
306000 1418545
308000 1423550
310000 1428370
312000 1433373
314000 1438503
316000 1443990
318000 1448428
320000 1454357
322000 1460407
324000 1465856
326000 1471817
328000 1477472
330000 1481571
332000 1487413
334000 1491953
336000 1496993
338000 1502251
340000 1507034
342000 1512798
344000 1518347
346000 1523525
348000 1528500
350000 1533973
352000 1539165
354000 1544377
356000 1549688
358000 1555180
360000 1560130
362000 1565295
364000 1570512
366000 1575895
368000 1581244
370000 1586121
372000 1591294
374000 1599156
376000 1611045
378000 1618126
380000 1626041
382000 1635358
384000 1642922
386000 1650426
388000 1659569
390000 1667026
392000 1675323
394000 1682917
396000 1691201
398000 1698792
400000 1706537
402000 1714459
404000 1722073
406000 1730551
408000 1740752
410000 1751687
412000 1762605
414000 1772620
416000 1782446
418000 1792834
420000 1806161
422000 1818528
424000 1830474
426000 1845483
428000 1859594
430000 1876610
432000 1897596
434000 1923812
435617 1993394
435618 1993414
435619 1993414
435620 1993414
435621 1993420
435622 1993420
435623 1993420
435624 1993420
435625 1993420
435626 1993420
435627 1993420
435628 1993420
435629 1993423
435630 1993423
435631 1993423
435632 1993423
435633 1993423
435634 1993424
435635 1993424
435636 1993424
435637 1993424
435638 1993424
435639 1993424
435640 1993424
435641 1993424
435642 1993424
435643 1993425
435644 1993425
435645 1993425
435646 1993425
435647 1993425
435648 1993426
435649 1993426
435650 1993426
435651 1993426
435652 1993426
435653 1993426
435654 1993426
435655 1993426
435656 1993426
435657 1993426
435658 1993426
435659 1993426
435660 1993426
435661 1993426
435662 1993426
435663 1993426
435664 1993426
435665 1993426
435666 1993426
