USA-road-COL 435666 1042400
max5
0 4.79
2000 4.79
4000 4.79
6000 4.8
8000 4.8
10000 4.8
12000 4.81
14000 4.81
16000 4.82
18000 4.82
20000 4.82
22000 4.83
24000 4.83
26000 4.84
28000 4.84
30000 4.84
32000 4.85
34000 4.85
36000 4.86
38000 4.86
40000 4.86
42000 4.87
44000 4.87
46000 4.88
48000 4.88
50000 4.89
52000 4.89
54000 4.9
56000 4.9
58000 4.91
60000 4.91
62000 4.92
64000 4.92
66000 4.93
68000 4.93
70000 4.94
72000 4.94
74000 4.95
76000 4.95
78000 4.96
80000 4.96
82000 4.97
84000 4.97
86000 4.98
88000 4.98
90000 4.99
92000 4.99
94000 5.0
96000 5.0
98000 5.01
100000 5.01
102000 5.02
104000 5.02
106000 5.03
108000 5.03
110000 5.04
112000 5.04
114000 5.05
116000 5.06
118000 5.06
120000 5.07
122000 5.07
124000 5.08
126000 5.09
128000 5.09
130000 5.1
132000 5.11
134000 5.11
136000 5.12
138000 5.13
140000 5.13
142000 5.14
144000 5.15
146000 5.15
148000 5.16
150000 5.17
152000 5.18
154000 5.18
156000 5.19
158000 5.2
160000 5.21
162000 5.22
164000 5.22
166000 5.23
168000 5.24
170000 5.25
172000 5.26
174000 5.27
176000 5.28
178000 5.29
180000 5.3
182000 5.3
184000 5.31
186000 5.32
188000 5.33
190000 5.34
192000 5.35
194000 5.36
196000 5.37
198000 5.38
200000 5.38
202000 5.39
204000 5.4
206000 5.41
208000 5.42
210000 5.43
212000 5.44
214000 5.45
216000 5.46
218000 5.47
220000 5.48
222000 5.49
224000 5.5
226000 5.52
228000 5.53
230000 5.54
232000 5.55
234000 5.56
236000 5.58
238000 5.59
240000 5.6
242000 5.62
244000 5.63
246000 5.65
248000 5.66
250000 5.67
252000 5.68
254000 5.7
256000 5.71
258000 5.73
260000 5.74
262000 5.76
264000 5.77
266000 5.79
268000 5.81
270000 5.82
272000 5.84
274000 5.86
276000 5.88
278000 5.9
280000 5.92
282000 5.94
284000 5.97
286000 6.0
288000 6.03
290000 6.07
292000 6.11
294000 6.14
296000 6.18
298000 6.21
300000 6.24
302000 6.28
304000 6.31
306000 6.35
308000 6.39
310000 6.42
312000 6.46
314000 6.51
316000 6.55
318000 6.59
320000 6.64
322000 6.68
324000 6.73
326000 6.78
328000 6.83
330000 6.88
332000 6.93
334000 6.98
336000 7.04
338000 7.1
340000 7.16
342000 7.22
344000 7.28
346000 7.33
348000 7.4
350000 7.47
352000 7.54
354000 7.62
356000 7.69
358000 7.76
360000 7.84
362000 7.93
364000 8.02
366000 8.1
368000 8.19
370000 8.29
372000 8.42
374000 8.62
376000 8.75
378000 8.92
380000 9.1
382000 9.26
384000 9.44
386000 9.63
388000 9.82
390000 10.01
392000 10.21
394000 10.42
396000 10.65
398000 10.88
400000 11.14
402000 11.43
404000 11.78
406000 12.22
408000 12.69
410000 13.16
412000 13.65
414000 14.22
416000 15.02
418000 15.86
420000 16.84
422000 18.22
424000 19.95
426000 22.58
428000 26.46
430000 33.33
432000 49.46
434000 111.37
435617 95.96
435618 93.96
435619 91.96
435620 89.96
435621 87.96
435622 85.95
435623 83.95
435624 81.95
435625 79.95
435626 77.95
435627 75.95
435628 73.95
435629 71.95
435630 69.94
435631 67.94
435632 65.94
435633 63.94
435634 61.94
435635 59.94
435636 57.93
435637 55.93
435638 53.93
435639 51.93
435640 49.92
435641 47.92
435642 45.92
435643 43.91
435644 41.91
435645 39.9
435646 37.9
435647 35.89
435648 33.89
435649 31.88
435650 29.88
435651 28.0
435652 26.0
435653 24.0
435654 22.0
435655 20.0
435656 18.0
435657 16.0
435658 14.0
435659 12.0
435660 10.0
435661 8.0
435662 6.0
435663 4.0
435664 2.0
435665 0.0
