USA-road-COL 435666 1042400
max1
0 1042400
2000 1042400
4000 1042400
6000 1042400
8000 1042400
10000 1042400
12000 1042400
14000 1042400
16000 1042400
18000 1042400
20000 1042400
22000 1042400
24000 1042400
26000 1042400
28000 1042400
30000 1042400
32000 1042400
34000 1042400
36000 1042400
38000 1042400
40000 1042400
42000 1042400
44000 1042400
46000 1042400
48000 1042400
50000 1042400
52000 1042400
54000 1042400
56000 1042400
58000 1042400
60000 1042400
62000 1042400
64000 1042400
66000 1042400
68000 1042400
70000 1042400
72000 1042400
74000 1042400
76000 1042400
78000 1042400
80000 1042400
82000 1042400
84000 1045008
86000 1048706
88000 1052248
90000 1055802
92000 1058940
94000 1062382
96000 1065822
98000 1069110
100000 1072368
102000 1075890
104000 1079206
106000 1082818
108000 1086212
110000 1089550
112000 1092764
114000 1096244
116000 1099698
118000 1102916
120000 1106004
122000 1109098
124000 1112214
126000 1115352
128000 1118462
130000 1121862
132000 1125458
134000 1128848
136000 1132292
138000 1135450
140000 1138708
142000 1142180
144000 1145130
146000 1148340
148000 1151958
150000 1155340
152000 1158672
154000 1161906
156000 1165284
158000 1168534
160000 1171892
162000 1175346
164000 1178570
166000 1181828
168000 1185076
170000 1188514
172000 1191746
174000 1195086
176000 1198296
178000 1201622
180000 1204706
182000 1208126
184000 1211820
186000 1215442
188000 1218890
190000 1222326
192000 1225796
194000 1228842
196000 1232052
198000 1234874
200000 1238016
202000 1241182
204000 1244174
206000 1247230
208000 1250468
210000 1253240
212000 1255920
214000 1258678
216000 1261968
218000 1265164
220000 1268030
222000 1271252
224000 1274084
226000 1277264
228000 1280220
230000 1283102
232000 1286188
234000 1289040
236000 1292142
238000 1295074
240000 1297796
242000 1301058
244000 1304448
246000 1307770
248000 1310838
250000 1313866
252000 1316962
254000 1320074
256000 1322958
258000 1325836
260000 1329060
262000 1332106
264000 1335210
266000 1338314
268000 1341426
270000 1344452
272000 1347524
274000 1350568
276000 1355456
278000 1363678
280000 1370738
282000 1377468
284000 1384946
286000 1394704
288000 1400506
290000 1408156
292000 1414178
294000 1419078
296000 1427260
298000 1432796
300000 1438602
302000 1444868
304000 1450804
306000 1456856
308000 1464370
310000 1469526
312000 1476774
314000 1483634
316000 1490170
318000 1496080
320000 1502226
322000 1507524
324000 1513484
326000 1519172
328000 1524996
330000 1531040
332000 1537314
334000 1543490
336000 1549248
338000 1554590
340000 1560580
342000 1566586
344000 1572438
346000 1578724
348000 1584260
350000 1589730
352000 1595530
354000 1601448
356000 1606910
358000 1612590
360000 1619652
362000 1632948
364000 1644886
366000 1653714
368000 1664678
370000 1675018
372000 1683564
374000 1693326
376000 1703052
378000 1712790
380000 1723064
382000 1733084
384000 1742624
386000 1752324
388000 1761204
390000 1770296
392000 1780556
394000 1795800
396000 1810794
398000 1825716
400000 1839248
402000 1851928
404000 1867766
406000 1889928
408000 1907392
410000 1923468
412000 1950352
414000 1969816
416000 1998240
418000 2024112
420000 2051208
422000 2086480
424000 2118948
426000 2155346
428000 2199728
430000 2247206
432000 2309088
434000 2387390
435617 2503366
435618 2503366
435619 2503366
435620 2503366
435621 2503366
435622 2503366
435623 2503366
435624 2503366
435625 2503366
435626 2503366
435627 2503366
435628 2503366
435629 2503366
435630 2503366
435631 2503366
435632 2503366
435633 2503366
435634 2503366
435635 2503366
435636 2503366
435637 2503366
435638 2503366
435639 2503366
435640 2503366
435641 2503366
435642 2503366
435643 2503366
435644 2503366
435645 2503366
435646 2503366
435647 2503366
435648 2503366
435649 2503366
435650 2503366
435651 2503366
435652 2503366
435653 2503366
435654 2503366
435655 2503366
435656 2503366
435657 2503366
435658 2503366
435659 2503366
435660 2503366
435661 2503366
435662 2503366
435663 2503366
435664 2503366
435665 2503366
435666 2503366
