USA-road-COL 435666 1042400
max1
0 4.79
2000 4.79
4000 4.79
6000 4.8
8000 4.8
10000 4.8
12000 4.81
14000 4.81
16000 4.82
18000 4.82
20000 4.82
22000 4.83
24000 4.83
26000 4.84
28000 4.84
30000 4.84
32000 4.85
34000 4.85
36000 4.86
38000 4.86
40000 4.86
42000 4.87
44000 4.87
46000 4.88
48000 4.88
50000 4.89
52000 4.89
54000 4.9
56000 4.9
58000 4.91
60000 4.91
62000 4.92
64000 4.92
66000 4.93
68000 4.93
70000 4.94
72000 4.94
74000 4.95
76000 4.95
78000 4.96
80000 4.96
82000 4.97
84000 4.97
86000 4.98
88000 4.98
90000 4.99
92000 4.99
94000 5.0
96000 5.0
98000 5.01
100000 5.02
102000 5.02
104000 5.03
106000 5.03
108000 5.04
110000 5.05
112000 5.05
114000 5.06
116000 5.06
118000 5.07
120000 5.08
122000 5.08
124000 5.09
126000 5.1
128000 5.1
130000 5.11
132000 5.12
134000 5.12
136000 5.13
138000 5.14
140000 5.15
142000 5.15
144000 5.16
146000 5.17
148000 5.18
150000 5.18
152000 5.19
154000 5.2
156000 5.21
158000 5.22
160000 5.23
162000 5.23
164000 5.24
166000 5.25
168000 5.26
170000 5.27
172000 5.28
174000 5.29
176000 5.3
178000 5.31
180000 5.32
182000 5.33
184000 5.34
186000 5.35
188000 5.36
190000 5.37
192000 5.38
194000 5.39
196000 5.4
198000 5.41
200000 5.42
202000 5.43
204000 5.44
206000 5.45
208000 5.46
210000 5.47
212000 5.48
214000 5.5
216000 5.51
218000 5.52
220000 5.53
222000 5.54
224000 5.56
226000 5.57
228000 5.58
230000 5.6
232000 5.61
234000 5.63
236000 5.64
238000 5.66
240000 5.67
242000 5.69
244000 5.7
246000 5.72
248000 5.73
250000 5.75
252000 5.76
254000 5.78
256000 5.8
258000 5.81
260000 5.83
262000 5.85
264000 5.87
266000 5.89
268000 5.91
270000 5.93
272000 5.95
274000 5.97
276000 6.0
278000 6.05
280000 6.09
282000 6.13
284000 6.17
286000 6.24
288000 6.27
290000 6.32
292000 6.36
294000 6.4
296000 6.46
298000 6.5
300000 6.55
302000 6.6
304000 6.65
306000 6.7
308000 6.76
310000 6.81
312000 6.88
314000 6.93
316000 6.99
318000 7.05
320000 7.1
322000 7.16
324000 7.22
326000 7.28
328000 7.35
330000 7.42
332000 7.5
334000 7.56
336000 7.63
338000 7.7
340000 7.77
342000 7.86
344000 7.94
346000 8.02
348000 8.09
350000 8.17
352000 8.26
354000 8.35
356000 8.43
358000 8.53
360000 8.64
362000 8.85
364000 9.04
366000 9.2
368000 9.41
370000 9.58
372000 9.75
374000 9.94
376000 10.13
378000 10.34
380000 10.56
382000 10.79
384000 11.0
386000 11.24
388000 11.47
390000 11.71
392000 12.0
394000 12.46
396000 12.93
398000 13.42
400000 13.87
402000 14.33
404000 14.98
406000 15.95
408000 16.71
410000 17.5
412000 19.03
414000 20.16
416000 22.12
418000 24.11
420000 26.39
422000 29.81
424000 33.34
426000 37.91
428000 44.84
430000 54.26
432000 71.19
434000 108.55
435617 96.0
435618 94.0
435619 92.0
435620 90.0
435621 88.0
435622 86.0
435623 84.0
435624 82.0
435625 80.0
435626 78.0
435627 76.0
435628 74.0
435629 72.0
435630 70.0
435631 68.0
435632 66.0
435633 64.0
435634 62.0
435635 60.0
435636 58.0
435637 56.0
435638 54.0
435639 52.0
435640 50.0
435641 48.0
435642 46.0
435643 44.0
435644 42.0
435645 40.0
435646 38.0
435647 36.0
435648 34.0
435649 32.0
435650 30.0
435651 28.0
435652 26.0
435653 24.0
435654 22.0
435655 20.0
435656 18.0
435657 16.0
435658 14.0
435659 12.0
435660 10.0
435661 8.0
435662 6.0
435663 4.0
435664 2.0
435665 0.0
