USA-road-COL 435666 1042400
max5
0 1042400
2000 1042400
4000 1042400
6000 1042400
8000 1042400
10000 1042400
12000 1042400
14000 1042400
16000 1042400
18000 1042400
20000 1042400
22000 1042400
24000 1042400
26000 1042400
28000 1042400
30000 1042400
32000 1042400
34000 1042400
36000 1042400
38000 1042400
40000 1042400
42000 1042400
44000 1042400
46000 1042400
48000 1042400
50000 1042400
52000 1042400
54000 1042400
56000 1042400
58000 1042400
60000 1042400
62000 1042400
64000 1042400
66000 1042400
68000 1042400
70000 1042400
72000 1042400
74000 1042400
76000 1042400
78000 1042400
80000 1042400
82000 1042400
84000 1044894
86000 1048423
88000 1051828
90000 1055216
92000 1058277
94000 1061652
96000 1065025
98000 1068205
100000 1071390
102000 1074870
104000 1078142
106000 1081615
108000 1084930
110000 1088192
112000 1091354
114000 1094833
116000 1098167
118000 1101273
120000 1104351
122000 1107367
124000 1110422
126000 1113479
128000 1116573
130000 1119808
132000 1123211
134000 1126458
136000 1129921
138000 1133120
140000 1136230
142000 1139600
144000 1142602
146000 1145687
148000 1149216
150000 1152609
152000 1155862
154000 1158963
156000 1162339
158000 1165525
160000 1168774
162000 1172162
164000 1175375
166000 1178616
168000 1181810
170000 1185100
172000 1188294
174000 1191615
176000 1194822
178000 1197980
180000 1201160
182000 1204443
184000 1208001
186000 1211568
188000 1215053
190000 1218320
192000 1221500
194000 1224540
196000 1227564
198000 1230312
200000 1233241
202000 1236284
204000 1239292
206000 1242030
208000 1245084
210000 1247922
212000 1250647
214000 1253147
216000 1255792
218000 1258899
220000 1261907
222000 1264776
224000 1267753
226000 1270508
228000 1273565
230000 1276393
232000 1279232
234000 1282192
236000 1284906
238000 1287834
240000 1290667
242000 1293426
244000 1296188
246000 1299524
248000 1302539
250000 1305552
252000 1308485
254000 1311450
256000 1314347
258000 1317301
260000 1320106
262000 1322799
264000 1325830
266000 1328700
268000 1331621
270000 1334718
272000 1337612
274000 1340548
276000 1343495
278000 1346398
280000 1349415
282000 1354089
284000 1360976
286000 1367004
288000 1372615
290000 1378999
292000 1387059
294000 1391943
296000 1398554
298000 1403706
300000 1407799
302000 1414592
304000 1419384
306000 1424380
308000 1429662
310000 1434353
312000 1439380
314000 1445827
316000 1450242
318000 1455779
320000 1461867
322000 1467694
324000 1473751
326000 1479076
328000 1484122
330000 1489721
332000 1494815
334000 1499855
336000 1504914
338000 1510262
340000 1515703
342000 1521533
344000 1527064
346000 1532075
348000 1537506
350000 1542855
352000 1548276
354000 1553669
356000 1559143
358000 1564513
360000 1569783
362000 1575165
364000 1580836
366000 1586452
368000 1591710
370000 1597178
372000 1605504
374000 1617523
376000 1624748
378000 1633101
380000 1642848
382000 1650562
384000 1658621
386000 1667958
388000 1676063
390000 1684569
392000 1692635
394000 1701390
396000 1709728
398000 1717930
400000 1726502
402000 1735166
404000 1745280
406000 1757043
408000 1769280
410000 1780724
412000 1791963
414000 1803622
416000 1818146
418000 1832635
420000 1847565
422000 1865294
424000 1884305
426000 1907391
428000 1933906
430000 1968142
432000 2019017
434000 2113648
435617 2357975
435618 2357975
435619 2357975
435620 2357975
435621 2357975
435622 2357975
435623 2357975
435624 2357975
435625 2357975
435626 2357975
435627 2357975
435628 2357975
435629 2357975
435630 2357975
435631 2357975
435632 2357975
435633 2357975
435634 2357975
435635 2357975
435636 2357975
435637 2357975
435638 2357975
435639 2357975
435640 2357975
435641 2357975
435642 2357975
435643 2357975
435644 2357975
435645 2357975
435646 2357975
435647 2357975
435648 2357975
435649 2357975
435650 2357975
435651 2357975
435652 2357975
435653 2357975
435654 2357975
435655 2357975
435656 2357975
435657 2357975
435658 2357975
435659 2357975
435660 2357975
435661 2357975
435662 2357975
435663 2357975
435664 2357975
435665 2357975
435666 2357975
