USA-road-COL 435666 1042400
INF
0 1042400
2000 1042400
4000 1042400
6000 1042400
8000 1042400
10000 1042400
12000 1042400
14000 1042400
16000 1042400
18000 1042400
20000 1042400
22000 1042400
24000 1042400
26000 1042400
28000 1042400
30000 1042400
32000 1042400
34000 1042400
36000 1042400
38000 1042400
40000 1042400
42000 1042400
44000 1042400
46000 1042400
48000 1042400
50000 1042400
52000 1042400
54000 1042400
56000 1042400
58000 1042400
60000 1042400
62000 1042400
64000 1042400
66000 1042400
68000 1042400
70000 1042400
72000 1042400
74000 1042400
76000 1042400
78000 1042400
80000 1042400
82000 1042400
84000 1044866
86000 1048356
88000 1051722
90000 1055072
92000 1058104
94000 1061458
96000 1064818
98000 1067978
100000 1071142
102000 1074606
104000 1077878
106000 1081330
108000 1084626
110000 1087868
112000 1091004
114000 1094464
116000 1097770
118000 1100844
120000 1103918
122000 1106910
124000 1109944
126000 1112974
128000 1116052
130000 1119266
132000 1122612
134000 1125836
136000 1129282
138000 1132470
140000 1135566
142000 1138876
144000 1141898
146000 1144932
148000 1148430
150000 1151816
152000 1155034
154000 1158112
156000 1161486
158000 1164634
160000 1167866
162000 1171244
164000 1174432
166000 1177648
168000 1180828
170000 1184116
172000 1187284
174000 1190588
176000 1193790
178000 1196928
180000 1200086
182000 1203344
184000 1206854
186000 1210398
188000 1213878
190000 1217142
192000 1220244
194000 1223274
196000 1226264
198000 1229040
200000 1231894
202000 1234844
204000 1237896
206000 1240582
208000 1243590
210000 1246548
212000 1249164
214000 1251660
216000 1254270
218000 1257254
220000 1260260
222000 1263238
224000 1266006
226000 1268940
228000 1271818
230000 1274666
232000 1277468
234000 1280350
236000 1283176
238000 1285978
240000 1288816
242000 1291620
244000 1294186
246000 1297394
248000 1300500
250000 1303530
252000 1306480
254000 1309228
256000 1312164
258000 1315062
260000 1317852
262000 1320524
264000 1323324
266000 1326338
268000 1329252
270000 1332156
272000 1335070
274000 1337924
276000 1340752
278000 1343684
280000 1346470
282000 1349632
284000 1355800
286000 1362485
288000 1367793
290000 1373226
292000 1379855
294000 1387148
296000 1391610
298000 1398394
300000 1402300
302000 1406928
304000 1413319
306000 1417912
308000 1422702
310000 1427809
312000 1432744
314000 1437562
316000 1443321
318000 1447599
320000 1453460
322000 1459637
324000 1464870
326000 1470968
328000 1476449
330000 1480749
332000 1486478
334000 1491036
336000 1496054
338000 1501119
340000 1506089
342000 1511642
344000 1517306
346000 1522533
348000 1527529
350000 1532928
352000 1538061
354000 1543298
356000 1548427
358000 1553869
360000 1559072
362000 1563982
364000 1569169
366000 1574480
368000 1579626
370000 1584632
372000 1589788
374000 1596812
376000 1608982
378000 1615999
380000 1623907
382000 1632194
384000 1640481
386000 1647683
388000 1656785
390000 1664031
392000 1672089
394000 1679735
396000 1687764
398000 1695306
400000 1703071
402000 1710579
404000 1718013
406000 1725372
408000 1735423
410000 1746050
412000 1756386
414000 1766266
416000 1776173
418000 1785514
420000 1797334
422000 1809334
424000 1820802
426000 1834154
428000 1847046
430000 1862694
432000 1878062
434000 1894366
435617 1908546
435618 1908546
435619 1908554
435620 1908554
435621 1908556
435622 1908566
435623 1908578
435624 1908596
435625 1908596
435626 1908596
435627 1908608
435628 1908610
435629 1908610
435630 1908610
435631 1908624
435632 1908624
435633 1908632
435634 1908634
435635 1908634
435636 1908636
435637 1908636
435638 1908636
435639 1908646
435640 1908646
435641 1908648
435642 1908648
435643 1908648
435644 1908648
435645 1908654
435646 1908662
435647 1908672
435648 1908672
435649 1908672
435650 1908672
435651 1908672
435652 1908672
435653 1908672
435654 1908672
435655 1908672
435656 1908672
435657 1908672
435658 1908672
435659 1908672
435660 1908672
435661 1908672
435662 1908672
435663 1908672
435664 1908672
435665 1908672
435666 1908672
